Timestamp start: 1715964060719
Timestamp end: 1715964721238

#type       avg     std     min      p5     p10     p50     p67     p75     p80     p85     p90     p95     p99    p999   p9999      QPS   target
read      378.2   920.7    80.4   140.1   169.1   304.4   351.4   377.4   397.3   421.8   454.1   507.5  2354.3 10198.3 32358.1   7379.2     7434
read      372.7   397.6    68.9   128.1   148.4   324.2   408.8   459.5   497.4   542.7   602.0   694.1  1314.0  4060.4 13099.5  67222.4    67201
read      374.7   317.5    63.8   132.1   154.8   327.5   408.9   459.0   497.5   545.3   612.1   721.2  1309.2  3230.7  7938.9  85918.2    85927
read      363.0   408.2    68.9   128.6   148.4   328.4   414.3   464.1   500.6   542.4   593.8   671.6   894.1  2381.6 19857.7  63883.6    63953
read      336.9   295.2    68.9   122.5   141.8   313.5   385.1   429.1   462.1   499.6   542.7   601.0   741.8  1615.2 11552.3  31591.8    31595
read      361.8   271.5    63.8   132.3   154.8   327.1   406.6   455.4   492.5   538.5   600.3   691.9   916.0  2125.2  8955.8  87880.2    87879
read      351.9   809.3    68.9   138.7   166.0   294.7   338.6   363.3   381.4   402.7   432.6   481.9  1365.5  9749.8 32302.4   7288.9     7287
read      366.4   289.3    68.9   127.7   147.7   323.0   406.3   456.4   493.5   537.9   593.9   687.8  1391.2  2380.8  9905.7  62145.4    62295
read      326.8   767.8    74.4   137.4   165.2   281.8   320.9   343.2   360.1   379.5   405.1   453.9  1021.0  7693.5 31692.9   6556.5     6561
read      338.2   366.0    68.9   126.4   146.7   301.5   373.4   416.8   447.7   482.9   527.6   617.6   958.4  3952.6 11274.1  22546.6    22532
read      354.2   299.3    68.9   126.2   146.2   326.1   409.3   457.4   492.1   532.6   583.0   654.4   866.9  1966.9  8152.7  60875.4    60653
read      353.6   223.7    68.9   127.5   146.9   326.5   410.7   459.0   494.2   534.6   583.7   653.6   863.0  1835.5  7220.0  59266.2    59076
read      356.8   307.2    68.9   126.7   146.7   326.6   409.0   458.1   493.4   534.3   584.1   656.1   882.7  2223.7 13412.6  60150.2    60154
read      321.7   320.6    68.9   126.1   145.9   296.4   364.7   404.2   433.1   463.9   500.1   548.7   687.1  3793.8 11105.4  22963.7    22964
read      358.4   940.5    74.4   133.3   160.0   301.1   351.5   380.2   400.8   426.6   458.2   506.4  1099.1  9553.7 40397.3   8189.1     8172
read      354.5   350.8    63.8   125.8   145.9   311.7   384.5   432.5   468.2   508.7   564.4   688.8  1078.4  3904.5 12079.7  27613.7    27652
read      347.4   238.4    68.9   125.6   145.4   327.3   400.1   444.0   476.6   514.1   559.1   624.8   826.6  1658.7  8714.7  37580.3    37594
read      326.4   248.4    68.9   126.7   146.9   303.1   371.9   413.4   443.0   475.1   512.9   568.4   713.5  2286.6  9853.9  24254.7    24367
read      342.5   301.4    68.9   124.4   144.0   318.4   392.3   436.9   469.4   506.7   549.1   608.9   773.6  1782.5 12975.3  33654.7    33771
read      364.4   243.3    68.9   132.5   154.5   328.6   410.4   460.1   498.1   544.2   605.3   697.2   947.4  2121.8  7354.7  85008.3    84944
read      363.7   306.6    68.9   133.8   155.7   327.8   409.0   458.0   495.9   542.4   603.1   692.1   902.4  2612.9  9185.9  85811.5    85666
read      359.4   290.5    68.9   127.5   146.8   331.7   416.8   465.4   500.6   540.2   587.2   654.0   848.0  2171.9  9722.7  51869.3    51918
read      344.5   255.6    68.9   124.4   143.7   318.7   397.8   445.0   478.1   515.3   557.6   616.0   765.4  2663.4  8025.9  34382.1    34406
read      356.0   324.0    68.9   128.4   148.2   323.3   400.5   446.8   479.6   516.4   559.8   626.0   969.1  4017.5 14200.9  28743.1    28664
read      357.7   256.3    68.9   129.0   149.2   332.8   409.6   454.9   488.0   526.6   574.2   641.3   896.4  2054.4  9205.9  38226.8    38289
read      329.4   319.6    74.4   130.7   151.0   302.2   369.7   408.6   436.2   467.0   504.4   560.0   733.9  4210.7 11667.7  20618.5    20658
read      360.1   444.1    74.4   137.7   158.3   320.3   386.6   426.2   457.1   496.4   552.7   659.7   924.6  4716.6 19537.2  13894.1    13840
read      374.2   329.7    68.9   136.2   160.3   335.8   417.6   466.1   503.4   549.3   613.2   713.1   933.9  3443.2 12171.0  93335.4    93419
read      376.8   248.8    63.8   140.9   166.7   341.9   423.5   471.9   509.4   555.7   617.9   716.4   942.8  2014.1  7993.0  98359.9    98284
read      374.2   303.8    68.9   132.2   153.8   337.8   424.6   475.7   514.2   559.5   619.2   710.6   943.4  3535.5  8822.9  71424.6    71313
read      363.5   269.6    68.9   128.9   149.0   338.7   421.0   467.6   502.0   541.4   588.9   657.0   856.1  2733.3  8596.2  42086.2    42089
read      364.2   279.3    68.9   128.7   148.9   337.3   421.1   467.5   501.8   541.4   588.9   657.3   857.5  3290.5  8417.0  46453.2    46458
read      353.4   349.2    68.9   127.4   147.4   325.4   400.9   447.3   480.7   518.5   562.9   624.3   800.8  3803.5  9956.2  30689.2    30755
read      362.0   290.2    63.8   131.2   151.6   337.5   417.7   463.5   497.5   535.8   582.9   649.6   853.2  2873.2  7987.8  42779.9    42889
read      369.5   280.6    68.9   137.4   161.3   334.8   415.5   463.8   500.9   545.7   606.7   701.3   906.0  2431.9  9992.5  93774.9    93552
read      368.2   289.4    68.9   130.3   151.0   335.1   422.1   472.3   509.4   552.3   608.1   688.0   905.9  2941.6 10148.4  65579.0    65694
read      347.8   273.7    68.9   127.3   147.5   319.7   397.2   443.8   476.3   513.2   555.4   616.2   781.8  2971.8 11120.2  29576.1    29574
read      369.6   292.6    68.9   130.5   151.0   341.6   428.9   477.3   512.6   553.6   603.8   676.2   877.4  2588.7  9472.9  51287.0    51355
read      367.9   290.5    68.9   130.8   151.2   333.2   421.9   473.5   511.6   556.7   614.0   692.9   910.8  2431.7  9694.9  67311.3    67361
read      328.1   269.4    74.4   135.4   154.8   310.1   377.5   411.4   434.3   459.5   489.6   533.7   661.4  3686.9  9324.3  16368.7    16287
read      383.9  1236.8    68.9   134.3   156.4   334.7   418.8   468.5   506.8   553.0   615.7   707.8   922.7  2668.0 66801.6  81567.1    81508
read      373.9   344.0    68.9   135.9   159.2   337.4   420.4   469.6   507.7   554.3   617.7   714.8   933.4  2418.4 12246.5  87592.1    87619
read      392.3   282.2    68.9   145.1   172.8   356.4   439.5   489.7   527.5   574.4   638.4   747.3   987.9  2084.4  9354.1  98930.7    99068
read      367.8   262.6    68.9   129.8   149.9   340.0   427.4   476.5   512.2   552.9   602.4   673.5   876.0  2609.7  9379.7  51294.2    51267
read      376.1   684.9    74.4   138.2   159.4   323.9   387.7   426.8   458.3   498.1   549.2   627.0   954.7 10030.3 28070.7  11832.9    11822
read      422.6   393.9    68.9   146.4   176.0   371.3   454.6   504.5   544.1   595.7   677.1   825.8  1625.4  2984.4 14726.0  97430.3    97494
read      394.7   388.8    68.9   141.6   168.0   350.6   433.8   483.6   522.1   570.6   636.2   747.6  1032.4  4336.9 12772.9  97331.5    97350
read      366.9   322.1    68.9   128.8   149.1   334.5   420.1   468.8   505.1   546.5   597.3   672.8   935.7  2754.2 13141.1  55473.8    55460
read      368.3   262.2    63.8   132.5   154.8   330.7   412.5   462.0   500.1   547.2   611.5   708.1   978.9  2675.2  8044.7  85854.6    85984
read      364.1   250.3    63.8   131.1   153.6   330.4   411.9   460.9   498.6   545.0   607.7   699.4   903.5  2515.7  7828.9  81950.5    82043
read      361.1   304.5    68.9   127.3   147.3   332.2   416.0   464.4   499.9   540.4   589.1   659.0   860.7  2822.9 12026.1  52827.7    52873
read      365.1   573.5    74.4   134.9   155.2   321.5   388.0   426.1   456.0   494.0   546.1   632.5   920.0  6711.4 29859.9  13914.8    13911
read      382.0   357.8    68.9   128.1   148.2   332.3   419.7   470.9   509.6   555.7   615.9   732.7  1451.6  2873.6 10880.5  49933.8    49984
read      342.5   429.7    80.4   136.9   160.3   310.7   363.7   394.3   418.1   446.9   483.6   540.6   927.7  4980.5 18323.7   9256.0     9274
read      368.6   410.3    68.9   127.5   148.5   316.4   399.1   451.6   488.4   530.1   584.9   725.7  1137.2  4961.6 12630.7  27172.5    27187
read      334.5   341.7    68.9   133.2   153.6   309.9   382.0   419.4   444.4   471.4   504.9   555.2   745.9  3988.9 13545.9  18780.4    18735
read      392.1   395.3    68.9   138.1   162.7   348.4   434.2   485.7   524.8   572.9   636.6   743.7  1034.6  4179.3 18466.4  86545.4    86505
read      379.6   353.0    68.9   137.4   162.0   339.5   420.9   469.0   506.6   553.5   617.9   720.1   973.3  3362.5 10236.3  93231.6    93039
read      370.3   279.7    68.9   132.9   154.6   335.1   420.3   470.4   508.1   553.2   613.9   705.6   934.7  2638.7  9904.5  75931.7    75999
read      359.0   262.8    68.9   128.9   149.1   332.6   409.9   457.2   491.8   530.9   577.0   640.1   899.3  2423.3  8541.7  32199.4    32324
read      399.6   383.7    68.9   136.4   160.2   344.9   429.5   480.7   520.3   571.0   641.3   772.6  1646.7  3870.2 10801.3  84315.8    84255
read      366.4   271.8    63.8   133.0   155.6   332.0   413.9   463.2   501.2   547.3   609.2   702.4   920.5  2136.4  8010.6  81772.5    81759
read      357.6   318.8    68.9   127.1   147.5   331.0   408.3   454.8   488.7   527.8   574.1   638.1   872.2  2899.1 12156.0  37266.9    37291
read      361.3   304.7    63.8   128.1   148.4   332.0   415.7   463.6   498.9   539.4   588.7   663.5   916.2  2350.3 11320.3  53794.6    53818
read      342.4   260.5    68.9   127.2   147.5   315.5   394.1   439.4   471.1   507.2   547.8   610.1   813.1  1578.0  9406.4  30362.1    30297
read      331.3   228.2    68.9   125.4   145.8   310.7   386.5   430.0   460.1   493.7   532.4   585.5   701.9  1223.7  8121.1  31540.5    31569

Total QPS = 51706.7 (34126432 / 660.0s)